[0.3232825009, 0.1340389231, 0.3795369089],
[0.6108652382, 0.0, -0.0],
[0.5977650086, -0.1343021319, -0.1941829372],
[0.5789719156, -0.2070271169, -0.3046540313],
[0.5946755245, 0.1490032548, 0.2160648743],
[0.6108652382, 0.0, -0.0],
[0.5789719156, -0.2070271169, -0.3046540313],
[0.5789719156, -0.2070271169, -0.3046540313],
[0.3232825009, 0.1340389231, 0.3795369089],
[-0.0, 0.0, -1.1170107213],
[-0.0, 0.0, 0.5672320069],
[-0.0, 0.0, 0.5672320069],
[-0.0, 0.0, -1.1170107213],
[-0.0, 0.0, 0.7679448709],
[-0.0, 0.0, 0.7679448709]